candidate/gen0.po
{593=1, 487=16}
53 512 260 133 774 520 780 783 275 279 280 408 921 414 162 802 548 933 422 39 679 936 43 940 558 177 563 819 437 955 576 962 581 840 969 715 78 79 336 593 345 480 483 487 233 106 366 114 244 500 759 248 634 509 
candidate/gen1.po
{4=4, 79=8}
52 512 4 260 133 774 520 780 783 657 275 279 280 408 414 162 802 548 933 422 39 679 936 43 940 558 177 563 819 437 955 576 962 581 840 969 715 78 79 336 593 345 480 483 233 366 114 244 500 759 248 634 509 
candidate/gen2.po
{516=9, 520=4}
49 512 260 516 133 774 520 780 783 275 279 280 408 414 162 802 548 933 422 39 679 936 43 940 558 177 563 819 437 955 576 962 581 840 715 78 336 345 480 483 233 618 366 114 244 500 759 248 634 509 
candidate/gen3.po
{657=4, 486=7}
50 512 4 260 133 774 520 780 783 657 275 279 280 408 414 162 802 548 933 422 39 679 936 43 940 558 177 563 819 437 955 576 962 581 840 715 78 336 345 480 483 486 233 366 114 244 500 759 248 634 509 
candidate/gen4.po
{537=14, 43=3}
48 512 260 133 774 520 780 783 275 279 280 408 537 414 162 802 548 933 422 39 679 936 43 940 558 177 563 819 437 955 576 962 581 840 715 78 336 345 480 483 233 366 114 244 500 759 248 634 509 
candidate/gen5.po
{465=3, 487=16}
43 512 576 260 581 774 520 840 715 780 783 336 465 275 279 280 408 414 543 863 480 162 802 483 548 933 487 679 936 106 43 940 366 558 177 114 244 500 502 759 248 634 955 509 
candidate/gen6.po
{43=3, 333=6}
38 512 962 260 133 581 774 715 780 333 78 783 275 280 408 345 922 414 480 162 802 548 933 422 39 679 936 233 43 940 366 558 563 819 244 500 437 759 248 
candidate/gen7.po
{4=4, 655=1}
41 512 576 3 4 260 581 774 520 840 715 780 655 783 336 657 275 279 280 408 414 480 162 802 483 548 933 679 936 43 940 366 558 177 114 244 500 759 248 634 955 509 
candidate/gen8.po
{672=4, 670=27}
39 513 644 772 261 905 138 331 17 274 724 149 343 730 91 733 670 672 289 673 737 994 675 164 996 488 489 170 234 363 939 236 237 301 504 763 444 956 957 190 
candidate/gen9.po
{348=4, 62=3}
42 513 642 644 772 261 583 905 138 17 404 596 724 149 86 343 730 858 348 733 673 737 994 675 996 488 489 170 234 363 236 237 301 882 246 504 570 763 444 956 62 190 447 
candidate/gen10.po
{106=16, 301=4}
40 512 576 962 133 581 774 840 333 783 336 275 279 408 345 922 480 162 802 483 548 933 422 39 488 233 106 301 366 558 114 563 819 244 500 437 759 248 634 381 509 
candidate/gen11.po
{658=8, 617=7}
26 256 642 644 772 966 905 74 138 846 17 81 658 858 732 416 545 673 804 617 236 748 755 886 504 763 702 
candidate/gen12.po
{672=4, 587=9}
27 643 644 772 261 905 138 331 587 17 149 730 672 289 673 737 164 488 489 170 939 236 310 504 888 763 956 957 
candidate/gen13.po
{713=17, 333=6}
38 512 576 962 133 581 774 840 713 333 783 336 275 279 408 345 921 922 480 162 802 483 548 933 39 233 106 366 558 114 563 819 244 437 759 248 634 381 509 
candidate/gen14.po
{657=4, 63=4}
12 512 576 483 840 366 114 437 279 408 345 381 509 
candidate/gen15.po
{657=4, 63=4}
38 512 576 962 4 133 581 774 840 783 336 657 275 279 408 345 480 162 802 483 548 933 422 39 233 366 558 114 563 819 244 500 437 759 248 634 381 509 63 
candidate/gen16.po
{698=11, 109=2}
33 513 642 772 776 905 138 17 274 404 724 343 730 858 733 286 673 994 675 996 489 170 234 236 109 237 301 755 951 504 698 763 190 63 
candidate/gen17.po
{328=3, 331=9}
28 642 644 772 261 328 905 138 331 17 404 149 730 858 287 289 673 737 164 488 489 170 939 236 112 504 763 956 957 
candidate/gen18.po
{177=2, 218=4}
44 512 576 3 260 581 774 520 840 715 780 655 783 336 465 275 279 280 408 218 414 543 863 480 162 802 483 548 933 936 43 366 558 239 177 114 244 500 502 759 56 248 634 955 509 
candidate/gen19.po
{311=2, 587=9}
28 642 644 261 70 328 587 81 913 404 666 858 988 287 737 290 804 488 489 170 112 755 310 311 887 888 763 956 63 
candidate/gen20.po
{695=4, 698=11}
33 513 644 772 261 905 138 17 274 724 343 730 733 670 673 737 994 675 996 488 489 170 234 363 236 237 301 695 504 698 763 444 956 190 
candidate/gen21.po
{164=5, 277=8}
32 513 772 837 905 138 331 17 724 149 277 343 730 733 289 673 994 675 164 996 489 170 234 363 939 236 237 301 110 504 444 957 190 
candidate/gen22.po
{17=6, 153=8}
32 513 644 772 261 905 138 527 17 724 343 153 730 733 991 673 737 994 675 996 488 489 170 234 363 236 237 301 504 763 444 956 190 
candidate/gen23.po
{311=1, 685=10}
23 288 545 673 642 644 772 804 776 489 905 138 236 685 17 913 755 404 311 504 666 730 858 763 
candidate/gen24.po
{102=17, 343=1}
33 513 644 772 966 905 74 138 17 81 468 343 730 416 673 804 102 489 234 363 236 748 237 301 113 886 695 504 763 444 956 190 702 63 
candidate/gen25.po
{672=4, 383=5}
28 642 644 772 905 138 331 463 17 404 149 730 858 607 672 289 673 164 358 489 170 683 939 236 504 824 763 957 383 
candidate/gen26.po
{18=3, 260=21}
29 512 260 133 581 774 715 780 783 18 275 280 408 414 480 162 802 548 933 679 936 43 940 366 558 244 500 437 759 248 
candidate/gen27.po
{695=4, 73=5}
33 513 644 772 261 73 905 138 17 724 343 730 733 673 737 994 675 996 488 489 170 234 363 236 237 301 623 695 504 763 444 956 381 190 
candidate/gen28.po
{194=5, 149=22}
28 194 642 644 772 70 905 138 331 463 17 404 149 730 858 289 673 290 164 358 489 170 683 939 236 755 504 763 957 
candidate/gen29.po
{311=1, 252=9}
25 256 642 966 776 74 846 81 913 658 404 982 666 858 732 735 416 545 804 489 755 886 311 763 252 702 
candidate/gen30.po
{720=12, 330=2}
31 705 706 963 964 965 903 8 330 843 332 460 720 338 594 859 95 417 865 546 229 169 809 746 811 812 48 432 496 498 308 317 
candidate/gen31.po
{672=4, 713=19}
27 644 772 261 713 905 138 331 17 274 149 730 91 672 289 673 737 164 423 488 489 170 939 236 504 763 956 957 
candidate/gen32.po
{164=5, 431=22}
23 289 673 290 164 644 772 70 489 905 138 170 331 939 236 431 17 755 149 504 730 858 763 957 
candidate/gen33.po
{371=10, 109=2}
28 256 642 644 261 70 776 81 913 404 666 858 988 286 545 737 290 804 488 489 170 109 371 755 311 887 763 956 63 
candidate/gen34.po
{256=13, 73=5}
28 256 644 772 261 776 73 905 138 81 730 798 545 673 737 675 996 488 489 234 236 301 623 951 504 763 381 190 63 
candidate/gen35.po
{627=3, 693=1}
28 706 963 964 965 903 968 843 332 460 461 594 918 859 478 865 546 169 809 746 812 48 432 496 498 627 693 567 317 
candidate/gen36.po
{672=4, 123=6}
35 513 644 772 517 905 138 331 17 149 343 730 986 733 672 289 673 994 675 164 996 488 489 170 234 363 939 236 237 240 116 504 123 763 444 957 
candidate/gen37.po
{109=2, 623=12}
26 772 70 776 905 138 17 404 730 858 988 286 545 673 290 488 489 170 236 109 623 307 755 887 504 763 63 
candidate/gen38.po
{48=3, 135=9}
22 546 771 229 135 903 8 169 809 330 746 843 460 812 48 432 496 849 498 594 217 859 317 
candidate/gen39.po
{135=9, 169=8}
22 546 771 229 135 903 8 169 809 330 746 843 460 812 48 432 496 849 498 594 217 859 317 
candidate/gen40.po
{135=9, 169=8}
12 771 229 135 903 8 169 809 843 752 849 217 478 
candidate/gen41.po
{273=4, 658=8}
21 288 416 642 644 804 966 137 74 748 846 81 113 273 658 755 468 886 858 763 732 702 
candidate/gen42.po
{135=9, 524=1}
24 771 135 903 8 330 843 460 524 849 594 217 282 859 546 229 169 809 746 812 48 432 496 498 317 
candidate/gen43.po
{263=6, 252=10}
20 256 545 673 644 772 804 263 905 138 236 846 17 81 658 755 504 763 252 732 735 
candidate/gen44.po
{626=8, 579=2}
29 706 579 963 964 965 903 968 843 332 460 461 594 859 478 865 546 169 809 746 492 812 48 432 496 498 626 627 567 317 
candidate/gen45.po
{330=2, 492=3}
26 903 8 968 330 843 460 461 594 347 859 478 546 229 169 809 746 492 812 48 432 496 498 626 758 567 317 
candidate/gen46.po
{553=13, 348=4}
24 642 644 772 261 583 905 138 17 404 149 730 858 348 673 737 488 489 553 170 236 504 763 956 63 
candidate/gen47.po
{246=2, 266=4}
24 772 966 905 74 138 266 17 81 468 596 86 730 416 673 804 236 748 113 246 886 504 763 702 447 
candidate/gen48.po
{4=4, 383=3}
8 576 114 483 824 840 509 383 607 
candidate/gen49.po
{4=4, 383=3}
33 512 576 4 133 581 774 840 783 336 657 275 403 279 408 607 480 162 802 483 548 933 366 558 114 244 437 759 248 824 634 381 509 383 
candidate/gen50.po
{705=9, 572=3}
27 705 706 963 964 965 903 843 332 460 338 594 859 417 865 546 995 169 809 746 812 48 432 496 498 308 572 317 
candidate/gen51.po
{421=10, 331=9}
26 642 644 772 905 138 331 463 17 404 149 666 730 858 289 673 164 421 358 489 170 683 939 236 504 763 957 
candidate/gen52.po
{497=17, 430=6}
22 673 737 644 772 261 488 489 905 138 170 236 430 17 497 274 882 504 570 730 91 763 956 
candidate/gen53.po
{100=8, 693=1}
24 903 968 843 460 461 594 918 859 478 546 100 169 809 746 492 812 48 432 496 498 626 693 567 317 
candidate/gen54.po
{328=3, 650=4}
23 673 737 642 644 772 261 328 488 489 905 138 170 650 236 112 17 404 504 730 858 763 956 287 
candidate/gen55.po
{71=3, 553=12}
34 513 772 966 71 137 905 74 138 266 17 81 468 596 86 343 730 416 673 804 489 553 170 234 363 236 748 237 113 246 886 504 763 444 447 
candidate/gen56.po
{65=3, 524=1}
19 65 546 903 169 809 746 779 843 460 524 812 48 432 496 498 594 282 859 317 
candidate/gen57.po
{497=17, 349=6}
24 644 772 70 392 905 138 17 274 730 858 91 988 349 673 290 488 489 170 236 497 882 755 504 763 
candidate/gen58.po
{225=4, 695=4}
21 225 673 737 644 772 261 488 489 905 138 170 236 975 17 882 695 504 570 730 763 956 
candidate/gen59.po
{354=12, 693=1}
18 354 546 903 169 809 746 843 460 812 48 432 496 498 594 693 918 859 317 
candidate/gen60.po
{282=2, 379=1}
19 546 903 169 809 746 843 460 524 812 48 432 496 498 594 760 282 379 859 317 
candidate/gen61.po
{48=3, 651=3}
23 865 546 706 963 964 965 903 809 746 651 843 332 460 812 48 432 496 498 594 760 379 859 317 
candidate/gen62.po
{625=23, 164=5}
27 513 772 905 138 331 17 149 343 730 733 289 673 994 675 164 996 489 170 234 363 939 236 237 625 504 444 957 
candidate/gen63.po
{72=14, 25=3}
28 385 514 899 72 456 970 975 978 467 915 664 25 729 92 989 225 929 230 104 429 623 243 435 57 762 699 893 127 
candidate/gen64.po
{528=13, 4=3}
4 483 4 279 379 
candidate/gen65.po
{528=13, 4=3}
21 483 4 580 933 774 391 968 169 809 843 783 528 657 275 500 918 279 408 859 317 478 
candidate/gen66.po
{263=5, 109=3}
16 673 772 804 263 905 138 236 109 17 81 818 504 858 763 796 286 
candidate/gen67.po
{194=5, 156=24}
24 194 642 644 772 70 905 138 463 17 404 149 730 858 156 673 290 358 489 170 683 236 755 504 763 
candidate/gen68.po
{64=8, 524=1}
25 64 705 903 8 330 843 460 524 338 594 282 859 417 546 229 169 809 746 812 48 432 496 498 308 317 
candidate/gen69.po
{277=8, 91=11}
24 768 513 772 837 905 138 17 274 724 277 91 733 670 673 994 675 996 489 234 363 236 237 504 444 
candidate/gen70.po
{115=3, 333=6}
28 512 962 133 581 774 333 783 975 275 408 345 922 480 162 802 548 933 39 233 366 558 115 563 819 244 437 759 248 
candidate/gen71.po
{672=4, 508=7}
23 672 289 673 164 644 772 517 489 905 138 170 331 939 236 17 116 149 504 730 986 763 508 957 
candidate/gen72.po
{277=8, 583=8}
25 513 961 642 644 837 583 404 724 149 277 858 733 994 675 996 489 170 234 363 237 301 110 763 444 190 
candidate/gen73.po
{256=13, 671=38}
19 256 545 673 737 644 772 261 488 776 489 905 138 236 81 504 730 763 63 671 
candidate/gen74.po
{192=3, 543=6}
30 192 512 576 581 774 840 783 336 465 275 279 408 543 863 480 162 802 483 548 933 366 558 114 244 502 759 248 634 381 509 
candidate/gen75.po
{672=4, 412=26}
17 672 289 673 164 772 905 138 331 939 236 17 149 504 889 730 412 957 
candidate/gen76.po
{706=3, 7=7}
21 865 546 706 963 964 965 7 903 809 746 843 332 460 812 48 432 496 498 594 859 317 
candidate/gen77.po
{313=2, 460=2}
16 546 903 809 746 843 460 812 48 432 496 498 594 471 313 859 317 
candidate/gen78.po
{25=3, 362=5}
26 192 899 456 970 975 978 467 915 664 25 729 92 989 225 929 230 104 362 429 623 243 435 57 762 699 127 
candidate/gen79.po
{81=7, 371=10}
20 737 290 642 644 804 261 70 488 489 431 81 371 404 311 887 666 858 763 988 829 
candidate/gen80.po
{4=3, 229=16}
1 229 
candidate/gen81.po
{4=3, 229=16}
10 498 483 4 900 229 918 330 379 859 460 
candidate/gen82.po
{4=3, 229=16}
7 275 4 229 437 774 345 783 
candidate/gen83.po
{4=3, 229=16}
23 450 962 483 4 580 133 229 933 774 391 169 233 809 843 783 657 275 563 437 279 408 345 478 
candidate/gen84.po
{196=7, 110=1}
25 513 196 966 328 913 346 730 732 670 798 287 673 233 553 748 301 110 112 625 691 246 695 951 63 447 
candidate/gen85.po
{25=3, 267=3}
23 385 929 514 899 230 394 970 267 429 623 978 243 467 915 216 25 57 473 729 699 92 893 127 
candidate/gen86.po
{515=2, 693=1}
17 515 903 169 809 746 843 460 812 48 432 496 498 594 693 918 859 317 
candidate/gen87.po
{57=6, 697=4}
23 385 929 514 899 230 394 970 429 623 978 243 467 915 216 25 57 473 697 729 699 92 893 127 
candidate/gen88.po
{25=3, 30=9}
20 929 899 230 970 107 427 429 623 978 243 467 915 25 57 729 857 699 92 30 127 
candidate/gen89.po
{385=11, 245=6}
20 385 929 514 899 230 970 429 623 978 243 467 915 245 25 57 729 699 92 893 127 
candidate/gen90.po
{214=9, 25=3}
20 385 929 514 899 230 970 429 623 978 243 467 915 214 25 57 729 699 92 893 127 
candidate/gen91.po
{634=1, 108=4}
30 512 576 133 581 774 840 783 336 275 279 345 480 162 483 548 39 233 108 366 558 114 563 819 244 437 759 248 634 381 509 
candidate/gen92.po
{1=15, 25=3}
19 1 929 899 230 970 429 623 145 978 243 467 915 25 57 729 699 92 893 127 
candidate/gen93.po
{295=8, 695=2}
12 513 772 804 102 295 617 138 237 81 881 695 504 
candidate/gen94.po
{295=8, 695=2}
9 401 881 102 295 695 617 74 266 732 
candidate/gen95.po
{295=8, 695=2}
5 881 102 295 695 617 
candidate/gen96.po
{295=8, 695=2}
17 196 102 295 233 202 266 171 843 748 401 881 913 405 695 732 317 447 
candidate/gen97.po
{387=18, 623=12}
21 385 929 514 387 230 970 107 427 429 623 978 243 467 915 57 729 857 699 92 30 127 
candidate/gen98.po
{657=4, 59=3}
1 59 
candidate/gen99.po
{657=4, 59=3}
26 512 576 4 581 774 840 783 336 657 275 279 480 162 802 483 548 366 558 114 244 759 248 634 59 381 509 
candidate/gen100.po
{182=1, 106=15}
4 437 182 345 783 
candidate/gen101.po
{182=1, 106=15}
17 962 483 580 133 933 774 233 106 783 275 563 437 182 279 408 345 921 
candidate/gen102.po
{71=3, 617=7}
5 772 71 504 617 138 
candidate/gen103.po
{71=3, 617=7}
2 71 617 
candidate/gen104.po
{71=3, 617=7}
3 102 71 617 
candidate/gen105.po
{71=3, 617=7}
16 196 102 71 233 617 74 202 171 843 748 913 532 405 695 732 317 
candidate/gen106.po
{532=4, 378=2}
2 642 617 
candidate/gen107.po
{532=4, 378=2}
17 196 102 233 617 74 843 748 625 913 532 405 695 951 346 378 732 317 
candidate/gen108.po
{127=11, 703=3}
17 929 899 230 970 429 623 978 243 467 915 25 57 729 699 92 127 703 
candidate/gen109.po
{25=3, 557=10}
17 929 899 230 970 429 557 623 978 243 467 915 25 57 729 699 92 127 
candidate/gen110.po
{20=19, 230=10}
17 929 230 970 844 429 1006 623 978 243 467 915 20 57 729 699 92 127 
candidate/gen111.po
{460=2, 159=3}
15 903 968 169 746 843 460 812 48 432 496 498 594 859 478 159 
candidate/gen112.po
{498=2, 364=6}
13 705 903 746 364 460 812 48 432 496 338 498 594 859 
candidate/gen113.po
{425=4, 127=11}
15 929 230 425 970 429 623 978 243 467 915 57 729 699 92 127 
candidate/gen114.po
{74=2, 140=1}
13 295 617 74 266 140 748 401 881 913 532 405 732 447 
candidate/gen115.po
{626=7, 569=7}
12 706 903 968 169 843 812 594 626 567 569 253 478 
candidate/gen116.po
{657=4, 619=4}
14 512 576 162 483 933 840 619 366 657 114 279 408 381 509 
candidate/gen117.po
{482=2, 460=2}
9 48 432 496 482 498 903 746 859 460 
candidate/gen118.po
{320=3, 524=1}
2 320 524 
candidate/gen119.po
{320=3, 524=1}
10 320 498 546 169 809 843 859 460 524 317 
candidate/gen120.po
{612=11, 460=2}
11 48 432 496 498 612 900 903 746 859 460 812 
candidate/gen121.po
{563=4, 184=9}
8 512 576 483 563 819 184 840 509 
candidate/gen122.po
{545=12, 493=18}
7 256 545 625 951 493 254 798 
candidate/gen123.po
{160=6, 243=6}
9 160 978 243 915 729 970 92 173 127 
candidate/gen124.po
{407=11, 141=7}
9 272 453 407 108 124 141 173 814 799 
candidate/gen125.po
{492=3, 313=2, 65=3}
26 65 903 968 779 843 460 461 594 471 859 478 546 169 809 746 492 812 48 432 496 498 626 567 313 764 317 
candidate/gen126.po
{672=5, 658=8, 666=5, 447=1, 431=21}
51 256 642 644 772 776 137 905 138 17 273 913 658 404 149 666 288 416 672 289 545 673 804 170 939 941 431 311 829 702 447 966 74 846 976 81 468 596 86 730 858 732 489 617 236 748 113 755 246 886 504 763 
candidate/gen127.po
{672=5, 88=9}
7 672 772 804 149 88 504 138 
candidate/gen128.po
{320=3, 626=8, 579=2, 4=3}
14 320 483 579 4 900 968 460 498 626 918 379 859 764 959 
candidate/gen129.po
{514=10, 521=10}
15 225 514 197 230 521 970 623 975 115 435 467 25 729 699 893 
candidate/gen130.po
{521=10, 620=13}
11 160 197 453 521 939 108 124 620 141 173 814 
candidate/gen131.po
{164=5, 247=6}
7 164 247 153 331 939 957 62 
candidate/gen132.po
{513=15, 118=7}
8 81 513 772 804 118 504 138 237 
candidate/gen133.po
{186=3, 447=1}
8 596 772 804 86 504 138 186 447 
candidate/gen134.po
{186=3, 447=1}
3 186 266 447 
candidate/gen135.po
{71=2, 154=12}
3 71 744 154 
candidate/gen136.po
{71=2, 154=12}
6 595 71 744 154 171 843 
candidate/gen137.po
{324=2, 504=10}
6 324 772 804 504 138 829 
candidate/gen138.po
{619=4, 111=1}
12 512 576 162 483 840 619 366 111 114 408 381 509 
candidate/gen139.po
{624=6, 25=3}
12 385 514 230 970 623 624 978 467 25 729 699 893 
candidate/gen140.po
{306=21, 584=7}
9 33 130 306 147 613 584 462 175 943 
candidate/gen141.po
{411=3, 175=15}
9 33 147 136 648 554 411 462 175 943 
candidate/gen142.po
{33=19, 85=8}
8 33 130 147 85 440 584 462 943 
candidate/gen143.po
{130=7, 155=5}
8 33 130 147 584 155 157 462 943 
candidate/gen144.po
{164=5, 134=13}
7 289 274 164 676 134 91 957 
candidate/gen145.po
{443=10, 175=15}
7 33 497 147 443 462 175 943 
candidate/gen146.po
{71=3, 317=1}
6 547 68 71 171 843 317 
candidate/gen147.po
{688=5, 175=15}
5 688 613 462 175 943 
candidate/gen148.po
{164=4, 428=6}
6 164 981 503 331 428 910 
candidate/gen149.po
{208=15, 33=19}
5 208 33 147 462 943 
candidate/gen150.po
{123=6, 703=3}
5 240 784 245 123 703 
candidate/gen151.po
{123=6, 703=3}
2 123 703 
candidate/gen152.po
{453=4, 622=7}
5 272 453 173 622 799 
candidate/gen153.po
{336=2, 60=3}
0 
candidate/gen154.po
{336=2, 60=3}
7 336 114 483 774 759 840 60 
candidate/gen155.po
{90=0, 236=14}
4 673 905 90 236 
candidate/gen156.po
{673=58, 191=0}
4 673 905 236 191 
candidate/gen157.po
{118=7, 695=2}
4 81 289 118 695 
candidate/gen158.po
{118=7, 695=2}
5 209 913 405 118 695 
candidate/gen159.po
{243=6, 525=6}
6 978 243 729 970 92 525 
candidate/gen160.po
{72=12, 92=2}
3 722 72 92 
candidate/gen161.po
{574=0, 15=0}
3 727 574 15 
candidate/gen162.po
{490=13, 13=18}
3 728 490 13 
candidate/gen163.po
{277=6, 455=18}
3 277 837 455 
candidate/gen164.po
{408=13, 426=1}
2 408 426 
candidate/gen165.po
{408=13, 426=1}
3 408 426 783 
candidate/gen166.po
{570=6, 299=44}
3 882 570 299 
candidate/gen167.po
{55=2, 490=13}
3 55 728 490 
candidate/gen168.po
{530=6, 62=3}
3 530 882 62 
candidate/gen169.po
{136=10, 625=21, 130=7, 155=5}
13 33 136 648 554 462 943 208 147 440 953 155 411 157 
candidate/gen170.po
{631=3, 570=4}
3 882 631 570 
candidate/gen171.po
{154=12, 207=7}
3 744 154 207 
candidate/gen172.po
{258=16, 643=5, 387=18, 127=11}
19 385 258 514 387 643 230 427 623 274 467 310 887 888 25 857 91 699 893 127 
candidate/gen173.po
{488=3, 346=3, 196=7, 110=1}
13 513 328 488 553 810 748 112 913 691 695 732 63 287 
candidate/gen174.po
{439=5, 490=14}
3 439 728 490 
candidate/gen175.po
{160=6, 501=6, 407=11}
11 160 272 453 501 407 939 108 620 173 814 974 
candidate/gen176.po
{23=6, 648=13}
7 208 23 136 648 554 155 157 
candidate/gen177.po
{405=8, 71=2}
3 405 71 617 
candidate/gen178.po
{405=8, 71=2}
9 532 405 966 71 615 233 617 202 171 
candidate/gen179.po
{600=11, 33=19, 497=17, 85=8}
13 33 130 613 584 462 175 943 497 306 147 85 440 600 
candidate/gen180.po
{688=5, 130=7, 155=5, 172=8}
12 224 33 130 584 172 462 943 688 147 440 155 157 
candidate/gen181.po
{356=6, 155=5}
5 356 136 554 155 157 
candidate/gen182.po
{264=15, 57=6}
5 467 264 57 699 623 
candidate/gen183.po
{277=6, 633=1}
3 277 837 633 
candidate/gen184.po
{177=2, 260=21, 196=7, 54=3}
5 177 196 54 280 111 
candidate/gen185.po
{177=2, 260=21, 196=7, 54=3}
8 177 196 260 54 280 936 780 111 
candidate/gen186.po
{465=2, 709=9}
0 
candidate/gen187.po
{465=2, 709=9}
0 
candidate/gen188.po
{465=2, 709=9}
2 465 709 
candidate/gen189.po
{465=2, 709=9}
5 336 465 709 248 171 
candidate/gen190.po
{352=3, 592=4}
4 352 592 178 714 
candidate/gen191.po
{411=3, 302=10}
4 136 554 411 302 
candidate/gen192.po
{592=4, 605=1}
4 352 592 714 605 
candidate/gen193.po
{193=4, 622=6}
4 272 193 173 622 
candidate/gen194.po
{160=6, 24=12, 530=6}
9 160 530 453 998 407 24 939 108 173 
candidate/gen195.po
{80=2, 203=2, 476=2, 445=2, 398=0}
5 80 203 476 445 398 
candidate/gen196.po
{68=6, 40=3}
4 547 68 40 88 
candidate/gen197.po
{585=7, 219=2}
1 55 
candidate/gen198.po
{585=7, 219=2}
3 55 585 219 
candidate/gen199.po
{324=2, 649=7}
3 68 324 649 
candidate/gen200.po
{360=11, 521=10}
3 197 360 521 
candidate/gen201.po
{105=0, 377=0}
2 105 377 
candidate/gen202.po
{533=0, 550=0}
2 533 550 
candidate/gen203.po
{164=1, 653=3}
2 164 653 
candidate/gen204.po
{274=0, 597=0}
2 274 597 
candidate/gen205.po
{603=14, 334=4}
2 603 334 
candidate/gen206.po
{466=6, 228=6}
2 466 228 
candidate/gen207.po
{555=8, 31=7}
2 555 31 
candidate/gen208.po
{474=0, 684=0}
2 474 684 
candidate/gen209.po
{66=0, 370=0}
2 66 370 
candidate/gen210.po
{238=0, 350=0}
2 238 350 
candidate/gen211.po
{201=0, 511=0}
2 201 511 
candidate/gen212.po
{309=2, 637=2}
2 309 637 
candidate/gen213.po
{614=3, 426=1}
2 614 426 
candidate/gen214.po
{150=14, 14=4}
2 150 14 
candidate/gen215.po
{250=0, 413=0}
2 250 413 
candidate/gen216.po
{150=14, 470=14}
2 150 470 
candidate/gen217.po
{520=3, 58=3}
2 520 58 
candidate/gen218.po
{51=0, 602=0}
2 51 602 
candidate/gen219.po
{192=2, 314=3}
2 192 314 
candidate/gen220.po
{68=6, 598=3}
2 68 598 
candidate/gen221.po
{513=7, 677=13}
2 513 677 
candidate/gen222.po
{369=3, 136=8}
2 369 136 
candidate/gen223.po
{368=8, 14=4, 470=14}
3 368 470 14 
candidate/gen224.po
{210=22, 116=1}
0 
candidate/gen225.po
{210=22, 116=1}
2 210 116 
candidate/gen226.po
{210=22, 116=1}
0 
candidate/gen227.po
{210=22, 116=1}
2 210 116 
candidate/gen228.po
{210=22, 116=1}
1 210 
candidate/gen229.po
{210=22, 116=1}
2 210 116 
candidate/gen230.po
{210=22, 116=1}
2 210 116 
candidate/gen231.po
{210=22, 116=1}
2 210 116 
candidate/gen232.po
{163=10, 698=9}
2 163 698 
candidate/gen233.po
{160=5, 551=6}
2 160 551 
candidate/gen234.po
{103=10, 119=6}
2 103 119 
candidate/gen235.po
{624=6, 189=13}
2 624 189 
candidate/gen236.po
{592=4, 259=1}
0 
candidate/gen237.po
{592=4, 259=1}
2 592 259 
candidate/gen238.po
{68=6, 125=9}
2 68 125 
candidate/gen239.po
{709=9, 678=7}
2 709 678 
candidate/gen240.po
{439=3, 319=6}
2 439 319 
candidate/gen241.po
{585=7, 241=10, 219=2, 55=3}
2 241 55 
candidate/gen242.po
{585=7, 241=10, 219=2, 55=3}
4 241 55 585 219 
candidate/gen243.po
{188=4, 141=5}
2 188 141 
candidate/gen244.po
{179=3, 55=3}
2 179 55 
candidate/gen245.po
{179=2, 506=1}
2 179 506 
candidate/gen246.po
{595=1, 539=4}
1 595 
candidate/gen247.po
{595=1, 539=4}
2 595 539 
candidate/gen248.po
{464=13, 230=7}
2 464 230 
candidate/gen249.po
{486=7, 106=16}
50 512 260 133 774 520 780 783 275 279 280 408 414 162 802 548 933 422 39 679 936 43 940 558 177 563 819 437 955 576 962 581 840 715 78 336 345 480 483 486 487 233 106 366 114 244 500 759 248 634 509 
candidate/gen250.po
{465=3, 79=8}
43 512 962 260 133 581 774 969 715 780 78 79 783 465 593 275 280 408 345 414 543 863 480 162 802 548 933 422 39 679 936 233 43 940 366 558 563 819 244 500 437 502 759 248 
candidate/gen251.po
{487=16, 537=14}
50 512 260 133 774 520 780 783 275 279 280 408 537 414 162 802 548 933 422 39 679 936 43 940 558 177 563 819 437 955 576 962 581 840 715 78 336 345 480 483 487 233 106 366 114 244 500 759 248 634 509 
candidate/gen252.po
{465=3, 486=7}
41 512 962 260 133 581 774 715 780 78 783 465 275 280 408 345 414 543 863 480 162 802 548 933 422 486 39 679 936 233 43 940 366 558 563 819 244 500 437 502 759 248 
candidate/gen253.po
{333=6, 655=1}
40 512 962 3 260 133 581 774 715 780 333 78 655 783 275 280 408 345 922 414 480 162 802 548 933 422 39 679 936 233 43 940 366 558 563 819 244 500 437 759 248 
candidate/gen254.po
{106=16, 655=1}
40 512 576 3 260 581 774 520 840 715 780 655 783 336 275 279 280 408 414 480 162 802 483 548 933 679 936 106 43 940 366 558 177 114 244 500 759 248 634 955 509 
candidate/gen255.po
{465=3, 537=14}
39 512 576 962 133 581 774 840 783 336 465 275 279 408 345 537 543 863 480 162 802 483 548 933 422 39 233 366 558 114 563 819 244 500 437 502 759 248 634 509 
candidate/gen256.po
{3=3, 79=8}
41 512 962 3 260 133 581 774 969 715 780 78 79 655 783 593 275 280 408 345 414 480 162 802 548 933 422 39 679 936 233 43 940 366 558 563 819 244 500 437 759 248 
candidate/gen257.po
{333=6, 543=6}
32 512 962 133 581 774 333 783 465 275 408 345 922 543 863 480 162 802 548 933 422 39 233 366 558 563 819 244 500 437 502 759 248 
candidate/gen258.po
{675=6, 348=4}
36 513 642 644 772 261 583 905 138 17 404 724 149 343 730 858 348 733 673 737 994 675 996 488 489 170 234 363 236 237 301 504 763 444 956 381 190 
candidate/gen259.po
{4=4, 618=9}
38 512 576 962 4 516 133 581 774 840 783 336 657 275 279 408 345 480 162 802 483 548 933 422 39 233 618 366 558 114 563 819 244 500 437 759 248 634 509 
candidate/gen260.po
{465=3, 655=1}
32 512 3 260 581 774 715 780 655 783 465 275 280 408 414 543 863 480 162 802 548 933 679 936 43 940 366 558 244 500 502 759 248 
candidate/gen261.po
{593=1, 381=4}
36 512 576 962 133 581 774 840 783 336 593 275 279 408 345 480 162 802 483 548 933 422 39 233 366 558 114 563 819 244 500 437 759 248 634 381 509 
candidate/gen262.po
{106=16, 63=4}
38 512 576 962 133 581 774 840 783 336 275 279 408 345 480 162 802 483 548 933 422 39 488 233 106 366 558 114 563 819 244 500 437 759 248 634 381 509 63 
candidate/gen263.po
{74=3, 106=16}
38 512 576 962 133 581 774 840 74 783 336 275 279 408 345 480 162 802 483 548 933 422 39 488 233 106 366 558 114 563 819 244 500 437 759 248 634 381 509 
candidate/gen264.po
{331=9, 348=4}
27 642 644 772 261 583 905 138 331 17 404 149 730 858 348 289 673 737 164 488 489 170 939 236 504 763 956 957 
candidate/gen265.po
{81=9, 164=5}
24 644 772 261 905 138 331 17 81 149 730 289 673 737 164 804 488 489 170 939 236 504 763 956 957 
candidate/gen266.po
{465=3, 516=9}
32 512 962 516 133 581 774 783 465 275 408 345 543 863 480 162 802 548 933 422 39 233 618 366 558 563 819 244 500 437 502 759 248 
candidate/gen267.po
{256=14, 109=2}
27 256 642 644 261 70 776 81 913 404 666 858 988 286 545 737 290 804 488 489 170 109 755 311 887 763 956 63 
candidate/gen268.po
{63=4, 543=6}
31 512 962 133 581 774 783 465 275 408 345 543 863 480 162 802 548 933 422 39 233 366 558 563 819 244 500 437 502 759 248 63 
candidate/gen269.po
{62=3, 287=3}
35 513 642 772 328 905 138 17 404 596 724 86 343 730 858 733 287 673 994 675 996 488 489 170 236 237 301 112 882 246 504 570 763 62 190 447 
candidate/gen270.po
{333=6, 63=4}
30 512 962 133 581 774 333 783 275 408 345 922 480 162 802 548 933 422 39 233 301 366 558 563 819 244 500 437 759 248 63 
candidate/gen271.po
{658=8, 447=1}
26 256 642 644 966 776 74 846 81 658 404 596 86 858 732 416 545 804 489 170 748 755 246 886 763 702 447 
candidate/gen272.po
{280=17, 63=4}
1 437 
candidate/gen273.po
{280=17, 63=4}
29 512 962 133 581 774 783 275 280 408 345 480 162 802 548 933 422 39 936 233 366 558 563 819 244 500 437 759 248 63 
candidate/gen274.po
{74=3, 543=6}
33 512 576 133 581 774 840 74 783 336 465 275 279 408 543 863 480 162 802 483 548 933 366 558 114 244 500 437 502 759 248 634 381 509 
candidate/gen275.po
{587=9, 109=2}
27 642 644 261 70 328 776 587 404 858 988 286 287 545 737 290 488 489 170 109 112 755 310 887 888 763 956 63 
candidate/gen276.po
{465=3, 657=4}
31 512 576 4 581 774 840 783 336 465 657 275 279 408 543 863 480 162 802 483 548 933 366 558 114 244 500 502 759 248 634 509 
candidate/gen277.po
{617=7, 252=10}
25 256 642 772 966 905 74 138 846 17 81 658 858 732 416 545 673 804 617 236 755 886 504 763 252 702 
candidate/gen278.po
{328=3, 570=6}
24 642 644 772 261 328 905 138 17 404 730 858 287 673 737 488 489 170 236 112 882 504 570 763 956 
candidate/gen279.po
{404=1, 617=7}
26 642 644 772 966 905 74 138 976 17 81 404 468 730 858 416 673 804 489 617 236 748 113 886 504 763 702 
candidate/gen280.po
{672=4, 698=11}
32 513 644 772 905 138 331 17 274 149 343 730 91 733 672 289 673 994 675 164 996 489 170 234 363 939 236 237 504 698 763 444 957 
candidate/gen281.po
{617=7, 431=21}
23 416 673 644 772 804 966 617 905 74 138 236 748 431 17 81 113 755 468 886 504 858 763 702 
candidate/gen282.po
{252=10, 447=1}
26 256 642 966 776 74 846 81 658 404 596 86 858 732 735 416 545 804 489 170 755 246 886 763 252 702 447 
candidate/gen283.po
{343=1, 617=7}
28 513 644 772 966 905 74 138 17 81 468 343 730 416 673 804 489 617 234 363 236 748 237 113 886 504 763 444 702 
candidate/gen284.po
{135=9, 282=2}
24 771 135 903 8 330 843 460 524 849 594 217 282 859 546 229 169 809 746 812 48 432 496 498 317 
candidate/gen285.po
{135=9, 282=2}
13 417 771 229 135 903 8 968 752 849 308 217 859 478 
candidate/gen286.po
{311=3, 698=11}
32 513 642 644 772 70 905 138 17 274 404 343 666 730 858 733 673 290 994 675 996 489 170 234 363 236 237 755 311 504 698 763 444 
candidate/gen287.po
{328=1, 617=7}
30 642 644 772 966 328 905 74 138 976 17 81 404 730 858 287 416 673 804 102 489 617 236 748 112 886 695 504 763 702 63 
candidate/gen288.po
{252=9, 109=1}
24 256 642 966 776 74 846 81 658 404 858 732 286 735 416 545 804 489 109 755 886 763 252 702 63 
candidate/gen289.po
{675=6, 358=5}
30 513 642 644 772 70 905 138 17 404 149 343 730 858 733 673 290 994 675 996 358 489 170 234 363 236 237 755 504 763 444 
candidate/gen290.po
{277=8, 570=6}
28 513 772 837 905 138 17 724 277 343 730 733 673 994 675 996 489 170 234 363 236 237 301 110 882 504 570 444 190 
candidate/gen291.po
{358=5, 698=11}
31 513 642 644 772 70 905 138 17 274 404 343 730 858 733 673 290 994 675 996 358 489 170 234 363 236 237 755 504 698 763 444 
candidate/gen292.po
{583=8, 698=11}
31 513 642 644 772 583 905 138 17 274 404 724 343 730 858 733 673 994 675 996 489 170 234 363 236 237 301 504 698 763 444 190 
candidate/gen293.po
{307=11, 110=2}
30 513 644 772 905 138 17 724 343 730 858 733 673 994 675 996 489 170 234 363 236 237 301 110 307 504 763 444 381 190 63 
candidate/gen294.po
{194=5, 570=6}
26 194 642 644 772 70 583 905 138 463 17 404 149 730 858 673 290 358 489 170 683 236 882 755 504 570 763 
candidate/gen295.po
{617=7, 109=1}
22 416 673 772 804 966 617 905 74 138 236 748 109 17 81 886 504 730 858 763 286 702 63 
candidate/gen296.po
{102=17, 246=2}
26 772 966 905 74 138 17 81 468 596 86 730 416 673 804 102 236 748 113 246 886 695 504 763 702 63 447 
candidate/gen297.po
{465=3, 713=17}
5 512 465 713 381 366 
candidate/gen298.po
{465=3, 713=17}
31 512 576 581 774 840 713 783 336 465 275 279 408 543 863 480 162 802 483 548 933 106 366 558 114 244 502 759 248 634 381 509 
candidate/gen299.po
{91=11, 287=3}
24 642 644 772 261 328 905 138 17 274 404 730 858 91 287 673 737 488 489 170 236 112 504 763 956 
candidate/gen300.po
{18=3, 345=4}
27 512 962 133 581 774 783 18 275 408 345 480 162 802 548 933 422 39 233 366 558 563 819 244 500 437 759 248 
candidate/gen301.po
{513=14, 587=9}
26 513 644 261 587 81 724 343 733 737 994 675 804 996 488 489 170 234 363 237 301 310 888 763 444 956 190 
candidate/gen302.po
{545=10, 62=3}
24 644 772 261 905 138 86 730 545 673 737 675 996 488 489 234 236 301 882 951 504 570 763 62 190 
candidate/gen303.po
{246=2, 617=7}
24 772 966 905 74 138 17 81 468 596 86 730 416 673 804 617 236 748 113 246 886 504 763 702 447 
candidate/gen304.po
{307=11, 596=3}
23 673 737 644 772 261 488 489 905 138 170 236 17 307 596 86 246 504 730 858 763 956 381 447 
candidate/gen305.po
{311=1, 617=7}
20 416 673 772 804 966 617 905 74 138 236 748 17 81 886 311 504 730 858 763 702 
candidate/gen306.po
{307=11, 109=2}
24 642 644 772 70 776 905 138 17 404 730 858 286 673 290 489 170 236 109 307 755 504 763 381 63 
candidate/gen307.po
{4=4, 218=4}
35 512 576 3 4 581 774 840 783 336 465 657 275 279 408 218 543 863 480 162 802 483 548 933 366 558 239 114 244 500 502 759 56 248 634 509 
candidate/gen308.po
{311=2, 623=12}
23 673 290 772 804 70 488 489 905 138 170 236 623 17 913 307 755 404 311 504 730 858 763 988 
candidate/gen309.po
{617=7, 683=6}
24 642 644 772 966 905 74 138 17 81 468 858 416 673 804 617 683 236 748 113 755 886 504 763 702 
candidate/gen310.po
{617=7, 110=1}
24 772 966 905 74 138 17 81 468 730 416 673 804 617 236 748 301 110 113 886 504 763 190 702 63 
candidate/gen311.po
{626=8, 693=1}
23 546 903 968 169 809 746 843 460 492 812 461 48 432 496 498 594 626 693 918 567 859 317 478 
candidate/gen312.po
{657=4, 488=10}
14 512 576 483 933 488 840 366 657 114 437 279 408 381 509 
candidate/gen313.po
{657=4, 488=10}
31 512 576 4 133 581 774 840 783 336 657 275 279 408 480 162 802 483 548 933 488 366 558 114 244 500 437 759 248 634 381 509 
candidate/gen314.po
{657=4, 301=4}
9 512 576 114 483 437 840 301 509 366 
candidate/gen315.po
{657=4, 301=4}
31 512 576 4 133 581 774 840 783 336 657 275 279 408 480 162 802 483 548 933 301 366 558 114 244 500 437 759 248 634 381 509 
candidate/gen316.po
{643=5, 109=2}
23 673 290 642 643 644 772 70 776 489 905 138 170 236 109 17 755 404 504 730 858 763 286 63 
candidate/gen317.po
{423=26, 109=2}
23 673 290 642 644 772 70 423 776 489 905 138 170 236 109 17 755 404 504 730 858 763 286 63 
candidate/gen318.po
{381=6, 287=3}
24 642 644 772 261 328 905 138 17 404 730 858 287 673 737 488 489 170 236 112 307 504 763 956 381 
candidate/gen319.po
{666=6, 331=9}
22 289 673 642 164 644 772 489 905 138 170 331 939 236 17 404 149 504 666 730 858 763 957 
candidate/gen320.po
{675=7, 109=2}
28 513 642 644 70 776 404 724 343 858 733 286 290 994 675 996 489 170 234 363 109 237 301 755 951 763 444 190 63 
candidate/gen321.po
{579=2, 330=2}
25 706 579 963 964 965 903 8 330 843 332 460 594 859 865 546 229 169 809 746 812 48 432 496 498 317 
candidate/gen322.po
{675=6, 328=3}
29 513 642 772 328 905 138 17 404 724 343 730 858 733 287 673 994 675 996 488 489 170 236 237 301 112 307 504 763 190 
candidate/gen323.po
{307=11, 348=4}
24 642 644 772 261 583 905 138 17 404 149 730 858 348 673 737 488 489 170 236 307 504 763 956 381 
candidate/gen324.po
{579=2, 282=2}
24 706 579 963 964 965 903 843 332 460 524 594 282 859 865 546 169 809 746 812 48 432 496 498 317 
candidate/gen325.po
{627=3, 524=1}
28 706 963 964 965 903 968 843 332 460 524 461 594 282 859 478 865 546 169 809 746 812 48 432 496 498 627 567 317 
candidate/gen326.po
{672=4, 307=11}
21 672 289 673 164 644 772 489 905 138 170 331 939 236 17 307 149 504 730 858 763 957 
candidate/gen327.po
{672=5, 658=8}
21 256 288 672 289 545 673 644 772 804 905 138 236 846 17 81 658 755 149 504 763 732 
candidate/gen328.po
{307=11, 311=2}
22 673 290 642 644 772 70 489 905 138 170 236 17 913 307 755 404 311 504 666 730 858 763 
candidate/gen329.po
{672=5, 252=10}
22 256 288 672 289 545 673 644 772 804 905 138 236 846 17 81 658 755 149 504 763 252 732 
candidate/gen330.po
{282=2, 95=12}
29 705 706 963 964 965 903 843 332 460 524 720 338 594 282 859 95 417 865 546 169 809 746 812 48 432 496 498 308 317 
candidate/gen331.po
{643=5, 695=4}
20 673 737 643 644 772 261 488 489 905 138 170 236 17 310 695 504 888 730 763 956 
candidate/gen332.po
{693=1, 330=2}
20 546 229 903 8 169 809 330 746 843 460 812 48 432 496 498 594 693 918 859 317 
candidate/gen333.po
{553=12, 617=7}
21 416 673 772 804 966 553 617 905 74 138 236 748 17 81 113 468 886 504 730 763 702 
candidate/gen334.po
{307=11, 695=4}
20 673 737 644 772 261 488 489 905 138 170 236 17 307 695 504 730 858 763 956 381 
candidate/gen335.po
{693=1, 347=3}
23 546 229 903 8 169 809 330 746 843 460 812 461 48 432 496 498 594 693 918 347 859 317 478 
candidate/gen336.po
{74=4, 252=10}
19 416 642 644 804 966 74 748 846 81 113 658 755 468 886 858 763 252 732 702 
candidate/gen337.po
{358=5, 587=9}
26 642 644 261 70 583 328 587 404 149 858 348 988 287 737 290 358 488 489 170 112 755 310 887 888 763 956 
candidate/gen338.po
{497=17, 695=4}
20 673 737 644 772 261 488 489 905 138 170 236 17 497 882 695 504 570 730 763 956 
candidate/gen339.po
{288=10, 617=7}
23 288 416 673 772 804 966 137 617 905 74 138 236 748 17 81 113 273 468 886 504 858 763 702 
candidate/gen340.po
{693=1, 282=2}
19 546 903 169 809 746 843 460 524 812 48 432 496 498 594 693 918 282 859 317 
candidate/gen341.po
{672=4, 497=17}
22 672 289 673 164 644 772 488 489 905 138 170 331 939 236 17 497 882 149 504 730 763 957 
candidate/gen342.po
{256=14, 194=5}
31 256 194 642 644 261 70 583 463 81 404 149 982 666 858 348 988 288 545 737 290 804 358 488 489 170 683 755 311 887 763 956 
candidate/gen343.po
{693=1, 217=10}
18 546 903 169 809 746 843 460 812 48 432 496 498 594 693 918 217 859 317 
candidate/gen344.po
{194=5, 698=11}
29 513 194 642 772 905 138 463 17 274 403 404 343 730 858 733 673 994 675 996 358 489 170 683 236 237 755 504 698 763 
candidate/gen345.po
{225=4, 110=2}
34 513 644 772 261 905 138 975 17 724 343 730 733 225 673 737 994 675 996 488 489 170 234 363 236 237 301 110 882 504 570 763 444 190 63 
candidate/gen346.po
{290=19, 617=7}
23 416 673 290 644 772 804 70 966 617 905 74 138 236 17 81 113 755 468 886 504 858 763 702 
candidate/gen347.po
{65=3, 8=2}
17 65 546 229 903 8 169 809 330 746 779 843 812 48 432 496 594 859 
candidate/gen348.po
{403=6, 263=9}
31 513 642 644 772 263 905 138 463 17 403 404 149 343 730 858 733 673 994 675 996 358 489 170 234 363 683 236 237 504 763 444 
candidate/gen349.po
{403=6, 650=4}
31 513 642 644 772 905 138 650 463 17 403 404 149 343 730 858 733 673 994 675 996 358 489 170 234 363 683 236 237 504 763 444 
candidate/gen350.po
{277=8, 310=6}
26 513 644 261 837 724 277 343 733 737 994 675 996 488 489 170 234 363 237 301 110 310 888 763 444 956 190 
candidate/gen351.po
{65=3, 627=3}
23 65 865 706 963 964 965 903 968 169 809 746 779 843 332 812 48 432 496 594 627 567 859 478 
candidate/gen352.po
{194=5, 91=11}
25 194 642 644 772 70 905 138 463 17 274 404 149 730 858 91 673 290 358 489 170 683 236 755 504 763 
candidate/gen353.po
{650=3, 252=9}
21 256 288 545 673 644 772 804 905 138 650 236 846 17 81 658 755 504 763 252 732 735 
candidate/gen354.po
{277=8, 381=6}
27 513 772 837 905 138 17 724 277 343 730 733 673 994 675 996 489 170 234 363 236 237 301 110 504 444 381 190 
candidate/gen355.po
{383=3, 543=6}
26 512 133 581 774 783 465 275 403 408 543 607 863 480 162 802 548 933 366 558 244 437 502 759 248 824 383 
candidate/gen356.po
{685=10, 110=1}
26 513 644 772 776 905 138 17 343 730 545 673 489 234 363 236 237 301 685 110 695 504 763 444 956 190 63 
candidate/gen357.po
{71=3, 110=1}
33 513 837 966 71 137 74 81 468 596 277 86 343 416 804 489 170 234 363 748 237 301 110 113 246 886 695 763 444 956 190 702 63 447 
candidate/gen358.po
{194=5, 381=6}
25 194 642 644 772 70 583 905 138 463 17 404 149 730 858 673 290 358 489 170 683 236 755 504 763 381 
candidate/gen359.po
{465=3, 488=10}
4 512 465 488 366 
candidate/gen360.po
{465=3, 488=10}
24 512 133 581 774 783 465 275 408 543 863 480 162 802 548 933 488 366 558 244 500 437 502 759 248 
candidate/gen361.po
{102=17, 110=1}
25 772 966 905 74 138 17 81 468 730 416 673 804 102 236 748 301 110 113 886 695 504 763 190 702 63 
candidate/gen362.po
{301=4, 543=6}
24 512 133 581 774 783 465 275 408 543 863 480 162 802 548 933 301 366 558 244 500 437 502 759 248 
candidate/gen363.po
{217=10, 379=1}
18 546 903 169 809 746 843 460 812 48 432 496 498 594 760 217 379 859 317 
candidate/gen364.po
{465=3, 18=3}
24 512 133 581 774 783 465 18 275 408 543 863 480 162 802 548 933 366 558 244 500 437 502 759 248 
candidate/gen365.po
{65=3, 461=2}
16 65 546 903 169 809 746 779 843 812 461 48 432 496 594 859 478 
candidate/gen366.po
{672=4, 62=4}
23 672 289 673 164 772 905 138 331 939 236 301 17 596 724 149 86 246 504 730 957 62 190 447 
candidate/gen367.po
{194=5, 643=5}
24 194 642 643 644 772 70 905 138 463 17 404 149 730 858 673 290 358 489 170 683 236 755 504 763 
candidate/gen368.po
{625=23, 695=4}
25 513 644 261 724 343 733 545 737 994 675 996 488 489 170 234 363 237 301 625 695 951 763 444 956 190 
candidate/gen369.po
{194=5, 423=26}
24 194 642 644 772 70 905 138 463 17 404 149 730 858 673 290 358 423 489 170 683 236 755 504 763 
candidate/gen370.po
{194=5, 263=9}
24 194 642 644 772 70 263 905 138 463 17 404 149 730 858 673 290 358 489 170 683 236 755 504 763 
candidate/gen371.po
{194=5, 553=13}
24 194 642 644 772 70 905 138 463 17 404 149 730 858 673 290 358 489 553 170 683 236 755 504 763 
candidate/gen372.po
{102=17, 170=1}
24 644 772 966 905 74 138 17 81 468 596 86 416 673 804 102 170 236 748 113 886 695 504 763 702 
candidate/gen373.po
{657=4, 713=17}
7 512 576 114 483 840 509 366 
candidate/gen374.po
{657=4, 713=17}
29 512 576 4 581 774 840 713 783 336 657 275 279 408 480 162 802 483 548 933 106 366 558 114 244 759 248 634 381 509 
candidate/gen375.po
{282=2, 651=3}
24 706 963 964 965 903 651 843 332 460 524 594 282 859 865 546 809 746 812 48 432 496 498 379 317 
candidate/gen376.po
{695=3, 252=9}
19 256 416 545 642 804 966 74 846 81 658 755 886 695 858 763 252 732 702 735 
candidate/gen377.po
{273=4, 266=4}
24 772 966 137 905 74 138 266 17 81 273 468 596 86 416 673 804 617 236 748 113 886 504 763 702 
candidate/gen378.po
{403=6, 109=2}
28 513 642 583 776 463 403 404 724 343 858 733 286 994 675 996 358 489 170 234 683 109 237 301 755 951 763 190 63 
candidate/gen379.po
{626=8, 524=1}
23 546 903 968 169 809 746 843 460 492 524 812 461 48 432 496 498 594 626 567 282 859 317 478 
candidate/gen380.po
{274=12, 403=6}
29 513 642 772 905 138 463 17 274 403 404 343 730 858 733 673 994 675 996 358 489 170 234 363 683 236 237 504 763 444 
candidate/gen381.po
{617=7, 170=1}
23 416 673 644 772 804 966 617 905 74 138 170 236 748 17 81 113 468 596 86 886 504 763 702 
candidate/gen382.po
{497=17, 110=2}
27 513 772 905 138 17 724 343 730 733 673 994 675 996 489 170 234 363 236 237 301 110 497 882 504 570 444 190 
candidate/gen383.po
{274=12, 607=5}
23 673 642 644 772 358 489 905 138 170 683 236 463 17 274 404 149 504 824 730 858 763 383 607 
candidate/gen384.po
{685=11, 62=4}
23 545 673 737 675 644 772 996 261 488 489 905 138 234 236 301 685 86 951 504 730 763 62 190 
candidate/gen385.po
{280=17, 301=4}
1 437 
candidate/gen386.po
{280=17, 301=4}
22 480 512 162 802 548 133 581 933 774 936 301 366 558 783 275 244 500 437 759 248 280 408 
candidate/gen387.po
{102=17, 311=1}
19 416 673 772 804 102 966 905 138 236 17 81 886 311 695 504 730 858 763 63 
candidate/gen388.po
{421=10, 570=6}
24 642 644 772 583 905 138 463 17 404 149 666 730 858 673 421 358 489 170 683 236 882 504 570 763 
candidate/gen389.po
{310=6, 301=8}
24 513 644 261 724 343 733 737 994 675 996 488 489 170 234 363 237 301 310 888 763 444 956 190 63 
candidate/gen390.po
{273=4, 102=17}
23 416 673 772 804 102 966 137 617 905 74 138 236 748 17 81 113 273 468 886 695 504 763 702 
candidate/gen391.po
{102=17, 286=1}
20 416 673 772 804 102 966 905 138 236 109 17 81 886 695 504 730 858 763 286 63 
candidate/gen392.po
{349=6, 685=11}
24 644 772 70 392 905 138 17 274 730 858 988 349 288 545 673 290 488 489 170 236 685 755 504 763 
candidate/gen393.po
{328=1, 685=10}
22 545 673 642 644 772 328 776 489 905 138 236 685 112 17 404 695 504 730 858 763 63 287 
candidate/gen394.po
{263=9, 607=5}
23 673 642 644 772 358 263 489 905 138 170 683 236 463 17 404 149 504 824 730 858 763 383 607 
candidate/gen395.po
{650=4, 383=5}
23 673 642 644 772 358 489 905 138 170 650 683 236 463 17 404 149 504 824 730 858 763 383 607 
candidate/gen396.po
{672=4, 527=6}
22 672 289 673 164 644 772 488 489 905 138 170 331 939 236 527 17 149 504 730 763 957 991 
candidate/gen397.po
{256=15, 110=2}
23 256 513 994 675 644 996 776 489 170 234 363 237 301 110 913 724 343 951 763 444 733 190 63 
candidate/gen398.po
{545=11, 617=7}
22 256 416 545 673 644 772 804 966 617 905 74 138 236 748 17 81 113 468 886 504 763 702 
candidate/gen399.po
{164=5, 685=11}
21 289 545 673 164 644 772 488 489 905 138 170 331 939 236 685 17 149 504 730 763 957 
candidate/gen400.po
{109=2, 527=6}
23 545 737 290 642 644 261 70 488 776 489 170 109 527 755 404 887 858 763 956 988 286 63 991 
candidate/gen401.po
{617=7, 650=3}
22 416 673 772 804 966 137 617 905 74 138 650 236 748 17 81 113 273 468 886 504 763 702 
candidate/gen402.po
{277=8, 698=11}
24 768 513 772 837 905 138 17 274 724 277 733 670 673 994 675 996 489 234 363 236 237 504 698 444 
candidate/gen403.po
{672=4, 623=12}
21 672 289 673 164 644 772 488 489 905 138 170 331 939 236 623 17 149 504 730 763 957 
candidate/gen404.po
{115=3, 4=4}
8 512 576 114 483 4 840 509 366 
candidate/gen405.po
{115=3, 4=4}
29 512 576 4 581 774 840 783 975 336 657 275 279 408 480 162 802 483 548 933 366 558 114 115 244 759 248 634 381 509 
candidate/gen406.po
{273=4, 263=8}
21 416 673 772 804 966 263 137 905 74 138 236 748 17 81 113 273 468 886 504 763 702 
candidate/gen407.po
{273=4, 156=23}
21 416 673 772 804 966 137 905 74 138 236 748 17 81 113 273 468 886 504 763 156 702 
candidate/gen408.po
{617=7, 430=5}
24 644 772 966 905 74 138 17 81 274 468 416 673 804 102 617 236 748 430 113 886 695 504 763 702 
candidate/gen409.po
{625=22, 73=5}
25 644 772 261 73 905 138 730 988 545 673 737 675 996 488 489 234 236 301 623 625 951 504 763 381 190 
candidate/gen410.po
{354=12, 492=3}
22 354 546 903 968 169 809 746 843 460 492 812 461 48 432 496 498 594 626 567 859 317 478 
candidate/gen411.po
{310=6, 110=2}
25 513 644 261 724 343 733 737 994 675 996 488 489 170 234 363 237 301 110 310 888 763 444 956 190 63 
candidate/gen412.po
{467=23, 695=4}
21 673 737 644 772 261 488 489 905 138 170 236 623 17 467 695 504 730 699 763 956 381 
candidate/gen413.po
{307=11, 358=5}
21 673 290 642 644 772 70 358 489 905 138 170 236 17 307 755 404 149 504 730 858 763 
candidate/gen414.po
{695=3, 266=4}
22 416 673 772 804 966 905 74 138 266 236 748 17 81 113 468 596 86 886 695 504 763 702 
candidate/gen415.po
{100=8, 524=1}
24 903 968 843 460 524 461 594 282 859 478 546 100 169 809 746 492 812 48 432 496 498 626 567 317 
candidate/gen416.po
{553=12, 252=9}
20 256 416 545 673 644 772 966 776 489 553 905 138 236 846 81 504 730 763 252 732 
candidate/gen417.po
{627=3, 330=2}
25 706 963 964 965 903 8 968 330 843 332 594 347 859 478 865 169 809 746 812 48 432 496 627 758 567 
candidate/gen418.po
{348=4, 301=8}
27 513 642 644 261 583 404 724 343 858 348 733 737 994 675 996 488 489 170 234 363 237 301 763 444 956 190 63 
candidate/gen419.po
{685=11, 670=27}
22 545 673 737 675 644 772 996 261 488 489 905 138 234 236 301 685 951 504 730 763 190 670 
candidate/gen420.po
{256=15, 164=5}
19 256 289 673 164 644 772 489 905 138 170 331 939 236 17 149 504 730 763 957 
candidate/gen421.po
{263=5, 685=11}
19 256 545 673 644 772 804 263 488 489 905 138 170 236 685 17 913 504 730 763 
candidate/gen422.po
{308=8, 229=16}
19 417 705 546 229 903 8 169 809 330 746 843 812 48 432 496 338 594 308 859 
candidate/gen423.po
{308=8, 229=16}
13 417 229 903 8 968 169 809 843 752 308 282 859 478 
candidate/gen424.po
{194=5, 587=9}
27 194 642 644 261 70 583 328 587 463 404 858 348 988 287 290 358 488 489 170 683 112 755 310 887 888 763 956 
candidate/gen425.po
{695=4, 671=38}
19 673 737 644 772 261 488 489 905 138 170 236 17 274 695 504 730 763 956 671 
candidate/gen426.po
{194=5, 307=11}
24 194 642 644 772 70 905 138 463 17 404 149 730 858 673 290 358 489 170 683 236 307 755 504 763 
candidate/gen427.po
{672=4, 153=8}
19 672 289 673 164 772 905 138 331 939 236 301 17 724 149 504 153 730 957 190 
candidate/gen428.po
{73=5, 685=11}
24 644 772 261 73 905 138 730 545 673 737 675 996 488 489 234 236 301 685 623 951 504 763 381 190 
candidate/gen429.po
{403=6, 277=8}
29 513 961 642 644 837 583 463 403 404 724 149 277 858 733 994 675 996 358 489 170 234 363 683 237 301 110 763 444 190 
candidate/gen430.po
{8=2, 379=1}
20 546 229 903 8 169 809 330 746 843 460 812 48 432 496 498 594 760 379 859 317 
candidate/gen431.po
{347=3, 524=1}
23 546 229 903 8 169 809 330 746 843 460 524 812 461 48 432 496 498 594 282 347 859 317 478 
candidate/gen432.po
{699=3, 110=2}
34 513 644 772 261 905 138 17 467 724 343 730 733 673 737 994 675 996 488 489 170 234 363 236 237 301 110 623 504 699 763 444 381 190 63 
candidate/gen433.po
{73=5, 170=2}
31 513 772 73 905 138 17 596 724 86 343 730 733 673 994 675 996 489 170 234 363 236 237 301 623 246 504 444 381 62 190 447 
candidate/gen434.po
{153=8, 685=11}
24 644 772 261 905 138 527 153 730 991 545 673 737 675 996 488 489 234 236 301 685 951 504 763 190 
candidate/gen435.po
{528=13, 524=1}
18 546 903 169 809 746 843 460 524 812 48 432 496 528 498 594 282 859 317 
candidate/gen436.po
{423=26, 695=4}
18 673 737 644 772 261 423 488 489 905 138 170 236 17 695 504 730 763 956 
candidate/gen437.po
{288=9, 643=5}
18 288 673 290 643 644 772 70 489 905 138 170 236 17 755 504 730 858 763 
candidate/gen438.po
{404=2, 570=6}
18 673 642 644 772 489 905 138 170 236 17 882 404 504 570 730 858 763 63 
candidate/gen439.po
{133=4, 218=4}
30 512 962 3 133 581 774 783 465 275 408 345 218 543 863 480 162 548 933 39 233 366 558 239 563 819 244 437 502 759 248 
candidate/gen440.po
{650=4, 349=6}
22 673 290 644 772 70 392 488 489 905 138 170 650 236 17 274 755 504 730 858 763 988 349 
candidate/gen441.po
{392=6, 156=24}
22 673 290 644 772 70 392 488 489 905 138 170 236 17 274 755 504 730 858 763 156 988 349 
candidate/gen442.po
{553=13, 349=6}
22 673 290 644 772 70 392 488 489 553 905 138 170 236 17 274 755 504 730 858 763 988 349 
candidate/gen443.po
{596=2, 349=6}
21 737 290 644 261 70 392 488 489 170 755 596 86 246 887 858 763 956 988 349 63 447 
candidate/gen444.po
{65=3, 567=3}
17 65 903 968 169 809 746 779 843 812 461 48 432 496 594 567 859 478 
candidate/gen445.po
{261=11, 263=9}
17 673 737 644 772 261 263 488 489 905 138 170 236 17 504 730 763 956 
candidate/gen446.po
{288=10, 263=7}
17 256 288 545 673 644 772 804 263 905 138 236 846 17 81 504 763 732 
candidate/gen447.po
{164=5, 286=2}
18 289 673 164 772 905 138 331 939 236 109 17 149 504 730 858 957 286 63 
candidate/gen448.po
{587=9, 685=11}
17 545 673 737 644 772 261 488 489 905 138 587 236 685 504 888 730 763 
candidate/gen449.po
{317=1, 478=3}
17 546 903 169 809 746 843 460 812 461 48 432 496 498 594 859 317 478 
candidate/gen450.po
{317=1, 478=3}
11 417 308 903 968 169 809 282 843 859 317 478 
candidate/gen451.po
{570=6, 685=11}
17 545 673 737 644 772 261 488 489 905 138 236 685 882 504 570 730 763 
candidate/gen452.po
{553=12, 666=5}
17 673 642 644 772 489 553 905 138 236 17 913 404 504 666 730 858 763 
candidate/gen453.po
{307=11, 277=8}
22 513 673 996 261 837 488 489 905 170 236 237 301 110 17 307 724 277 343 730 763 956 190 
candidate/gen454.po
{358=5, 153=8}
26 513 642 261 527 404 724 343 153 858 348 733 991 994 675 996 358 488 489 170 234 237 301 755 763 956 190 
candidate/gen455.po
{497=17, 63=8}
17 673 737 644 772 261 488 489 905 138 236 497 882 504 570 730 763 63 
candidate/gen456.po
{81=9, 497=17}
17 673 737 644 772 261 488 489 905 138 236 81 497 882 504 570 730 763 
candidate/gen457.po
{713=19, 650=4}
20 673 737 644 772 261 423 488 489 713 905 138 170 650 236 17 274 504 730 763 956 
candidate/gen458.po
{273=4, 666=5}
18 416 642 644 804 966 137 74 748 81 113 273 913 468 886 666 858 763 702 
candidate/gen459.po
{115=3, 106=16}
28 512 576 581 774 840 783 975 336 275 279 408 480 162 802 483 548 933 106 366 558 114 115 244 759 248 634 381 509 
candidate/gen460.po
{65=3, 347=3}
20 65 546 229 903 8 169 809 330 746 779 843 812 461 48 432 496 594 347 859 478 
candidate/gen461.po
{308=8, 169=8}
16 417 705 546 903 169 809 746 843 812 48 432 496 338 594 308 859 
candidate/gen462.po
{308=8, 169=8}
10 417 308 903 968 169 809 282 843 859 478 
candidate/gen463.po
{288=11, 164=5}
16 288 289 673 164 772 905 138 331 939 236 17 149 504 730 858 957 
candidate/gen464.po
{528=13, 229=16}
16 546 229 903 8 169 809 330 746 843 812 48 432 496 528 594 859 
candidate/gen465.po
{528=13, 229=16}
14 417 229 903 8 968 169 809 843 528 752 308 282 859 478 
candidate/gen466.po
{528=13, 8=2}
16 546 229 903 8 169 809 330 746 843 812 48 432 496 528 594 859 
candidate/gen467.po
{528=13, 8=2}
14 417 229 903 8 968 169 809 843 528 752 308 282 859 478 
candidate/gen468.po
{289=21, 311=3}
16 289 673 164 772 905 138 331 939 236 17 149 311 504 730 858 957 
candidate/gen469.po
{8=2, 478=3}
18 546 229 903 8 169 809 330 746 843 812 461 48 432 496 594 347 859 478 
candidate/gen470.po
{8=2, 478=3}
8 752 229 903 8 169 809 843 478 
candidate/gen471.po
{229=16, 478=3}
18 546 229 903 8 169 809 330 746 843 812 461 48 432 496 594 347 859 478 
candidate/gen472.po
{229=16, 478=3}
8 752 229 903 8 169 809 843 478 
candidate/gen473.po
{698=11, 110=2}
26 513 772 905 138 17 274 724 343 730 733 673 994 675 996 489 170 234 363 236 237 301 110 504 698 444 190 
candidate/gen474.po
{421=9, 553=12}
18 673 642 644 772 421 489 553 905 138 236 17 913 404 504 666 730 858 763 
candidate/gen475.po
{149=9, 286=3}
15 289 673 772 905 138 236 109 17 818 149 504 858 763 796 286 
candidate/gen476.po
{371=10, 695=4}
17 737 642 644 804 261 488 489 170 81 913 371 404 695 666 858 763 956 
candidate/gen477.po
{256=16, 266=4}
24 256 513 644 772 905 138 266 17 81 596 86 798 545 673 804 234 363 236 237 625 504 763 444 702 
candidate/gen478.po
{282=2, 478=3}
15 546 903 169 809 746 843 812 461 48 432 496 594 282 859 478 
candidate/gen479.po
{282=2, 478=3}
10 417 308 903 968 169 809 282 843 859 478 
candidate/gen480.po
{110=2, 671=38}
27 513 772 905 138 17 274 724 343 730 733 670 671 673 994 675 996 489 170 234 363 236 237 301 110 504 444 190 
candidate/gen481.po
{217=10, 651=3}
23 865 546 706 963 964 965 903 809 746 651 843 332 460 812 48 432 496 498 594 217 379 859 317 
candidate/gen482.po
{240=5, 650=4}
27 513 644 772 517 905 138 650 17 343 730 986 733 673 994 675 996 489 170 234 363 236 237 240 116 504 763 444 
candidate/gen483.po
{240=5, 263=9}
27 513 644 772 517 263 905 138 17 343 730 986 733 673 994 675 996 489 170 234 363 236 237 240 116 504 763 444 
candidate/gen484.po
{528=13, 282=2}
14 546 903 169 809 746 843 812 48 432 496 528 594 282 859 
candidate/gen485.po
{528=13, 282=2}
11 528 417 308 903 968 169 809 282 843 859 478 
candidate/gen486.po
{528=13, 217=10}
14 546 903 169 809 746 843 812 48 432 496 528 594 217 859 
candidate/gen487.po
{528=13, 217=10}
12 417 903 968 169 809 843 528 308 217 282 859 478 
candidate/gen488.po
{643=5, 110=2}
25 513 643 772 905 138 17 724 343 730 733 673 994 675 996 489 170 234 363 236 237 301 110 504 444 190 
candidate/gen489.po
{423=26, 110=2}
25 513 772 905 138 17 724 343 730 733 673 994 675 996 423 489 170 234 363 236 237 301 110 504 444 190 
candidate/gen490.po
{290=21, 695=4}
15 737 290 644 261 70 488 489 170 755 695 887 858 763 956 988 
candidate/gen491.po
{301=8, 349=6}
23 513 737 994 996 261 392 488 489 170 237 301 755 724 343 887 858 763 956 988 349 733 190 63 
candidate/gen492.po
{194=5, 62=4}
31 513 194 642 583 463 403 404 596 724 86 343 858 733 994 675 996 358 489 170 234 363 683 237 301 755 246 763 444 62 190 447 
candidate/gen493.po
{194=5, 695=4}
24 194 642 644 261 70 583 463 404 149 858 348 988 737 290 358 488 489 170 683 755 695 887 763 956 
candidate/gen494.po
{404=2, 153=8}
25 513 642 261 527 404 724 343 153 858 733 991 737 994 675 996 488 489 170 234 237 301 763 956 190 63 
candidate/gen495.po
{576=1, 670=24}
6 576 483 840 381 509 670 
candidate/gen496.po
{576=1, 670=24}
30 512 576 962 133 581 774 840 783 336 275 279 345 480 162 483 548 39 233 366 558 114 563 819 244 437 759 248 634 381 509 
candidate/gen497.po
{509=1, 670=24}
6 576 483 840 381 509 670 
candidate/gen498.po
{509=1, 670=24}
30 512 576 962 133 581 774 840 783 336 275 279 345 480 162 483 548 39 233 366 558 114 563 819 244 437 759 248 634 381 509 
candidate/gen499.po
{483=2, 670=24}
6 576 483 840 381 509 670 
candidate/gen500.po
{483=2, 670=24}
30 512 576 962 133 581 774 840 783 336 275 279 345 480 162 483 548 39 233 366 558 114 563 819 244 437 759 248 634 381 509 
candidate/gen501.po
{217=10, 478=3}
15 546 903 169 809 746 843 812 461 48 432 496 594 217 859 478 
candidate/gen502.po
{217=10, 478=3}
6 903 169 217 809 843 478 
candidate/gen503.po
{695=4, 123=6}
27 513 644 261 517 724 343 986 733 737 994 675 996 488 489 170 234 363 237 301 240 116 695 123 763 444 956 190 
candidate/gen504.po
{273=4, 421=9}
19 416 642 644 804 421 966 137 74 748 81 113 273 913 468 886 666 858 763 702 
candidate/gen505.po
{528=13, 169=8}
13 546 903 169 809 746 843 812 48 432 496 528 594 859 
candidate/gen506.po
{528=13, 169=8}
11 528 417 308 903 968 169 809 282 843 859 478 
candidate/gen507.po
{115=3, 543=6}
22 480 512 162 802 548 581 933 774 366 558 783 975 465 115 275 244 502 759 248 408 543 863 
candidate/gen508.po
{313=2, 524=1}
18 546 903 809 746 843 460 524 812 48 432 496 498 594 471 313 282 859 317 
candidate/gen509.po
{596=4, 252=10}
14 256 545 644 804 846 81 658 755 596 86 763 252 732 735 
candidate/gen510.po
{657=3, 229=16}
2 229 437 
candidate/gen511.po
{657=3, 229=16}
10 498 483 900 229 437 918 345 330 859 460 
candidate/gen512.po
{657=3, 229=16}
6 275 229 437 774 345 783 
candidate/gen513.po
{657=3, 229=16}
23 450 962 483 4 580 133 229 933 774 391 169 233 809 843 783 657 275 563 437 279 408 345 478 
candidate/gen514.po
{252=10, 237=4}
16 256 513 545 804 234 237 846 81 625 658 755 763 252 732 798 735 
candidate/gen515.po
{572=3, 478=3}
23 865 546 963 995 964 965 903 809 746 843 332 460 812 461 48 432 496 498 594 859 572 317 478 
candidate/gen516.po
{513=15, 658=8}
17 256 513 545 644 804 234 363 237 846 81 625 658 755 763 444 732 798 
candidate/gen517.po
{358=5, 301=8}
26 513 642 644 70 583 404 724 343 858 733 290 994 675 996 358 489 170 234 363 237 301 755 763 444 190 63 
candidate/gen518.po
{273=4, 625=24}
22 256 416 513 545 804 966 137 74 234 363 748 237 81 113 273 625 468 886 763 444 702 798 
candidate/gen519.po
{65=3, 7=7}
17 65 546 7 903 809 746 779 843 460 812 48 432 496 498 594 859 317 
candidate/gen520.po
{62=3, 431=22}
22 673 290 675 644 772 996 70 489 905 138 234 236 301 431 882 86 504 570 730 763 62 190 
candidate/gen521.po
{421=10, 381=6}
23 673 642 644 772 421 358 583 489 905 138 170 683 236 463 17 404 149 504 666 730 858 763 381 
candidate/gen522.po
{695=4, 349=6}
17 737 290 644 261 70 392 488 489 170 755 695 887 858 763 956 988 349 
candidate/gen523.po
{290=21, 430=6}
17 737 290 644 261 70 392 488 489 170 430 755 887 858 763 956 988 349 
candidate/gen524.po
{625=24, 263=7}
20 256 513 545 673 772 804 263 905 138 234 363 236 237 17 81 625 504 763 444 798 
candidate/gen525.po
{192=3, 563=4}
3 192 512 437 
candidate/gen526.po
{192=3, 563=4}
30 192 512 576 133 581 774 840 783 336 275 279 345 480 162 483 548 39 233 366 558 114 563 819 244 437 759 248 634 381 509 
candidate/gen527.po
{290=21, 110=2}
23 513 290 994 675 644 996 70 489 170 234 363 237 301 110 755 724 343 858 763 444 733 190 63 
candidate/gen528.po
{408=13, 317=1}
2 900 408 
candidate/gen529.po
{408=13, 317=1}
17 483 580 933 774 391 968 169 809 843 783 275 500 279 408 859 317 478 
candidate/gen530.po
{528=13, 133=3}
17 580 133 933 774 391 968 169 809 843 783 528 275 500 437 408 859 478 
candidate/gen531.po
{229=16, 279=3}
1 229 
candidate/gen532.po
{229=16, 279=3}
7 498 483 229 279 330 859 460 
candidate/gen533.po
{229=16, 279=3}
5 275 229 437 279 783 
candidate/gen534.po
{229=16, 279=3}
21 450 962 483 580 133 229 933 774 391 169 233 809 843 783 275 563 437 279 408 345 478 
candidate/gen535.po
{74=3, 287=1}
22 513 673 196 966 328 233 553 74 748 112 625 913 691 695 951 346 732 670 702 798 63 287 
candidate/gen536.po
{328=1, 702=3}
13 642 644 804 328 489 112 81 404 858 763 702 63 287 
candidate/gen537.po
{328=1, 702=3}
22 513 673 196 966 328 233 553 74 748 112 625 913 691 695 951 346 732 670 702 798 63 287 
candidate/gen538.po
{112=1, 702=3}
13 642 644 804 328 489 112 81 404 858 763 702 63 287 
candidate/gen539.po
{112=1, 702=3}
22 513 673 196 966 328 233 553 74 748 112 625 913 691 695 951 346 732 670 702 798 63 287 
candidate/gen540.po
{702=3, 287=1}
13 642 644 804 328 489 112 81 404 858 763 702 63 287 
candidate/gen541.po
{702=3, 287=1}
22 513 673 196 966 328 233 553 74 748 112 625 913 691 695 951 346 732 670 702 798 63 287 
candidate/gen542.po
{288=8, 371=10}
25 256 642 644 70 913 404 596 86 666 858 988 288 545 290 804 488 489 170 1005 371 755 246 311 763 447 
candidate/gen543.po
{277=6, 63=7}
20 513 673 644 772 804 837 905 138 234 363 236 237 17 81 277 504 763 444 702 63 
candidate/gen544.po
{685=10, 447=2}
19 545 673 644 772 776 489 905 138 170 236 685 17 596 86 246 504 730 763 447 
candidate/gen545.po
{123=6, 685=11}
22 545 673 675 644 772 996 517 488 489 905 138 234 236 685 240 116 951 504 730 986 123 763 
candidate/gen546.po
{194=5, 190=5}
27 513 194 642 583 463 403 404 724 343 858 733 994 675 996 358 489 170 234 363 683 237 301 755 763 444 190 63 
candidate/gen547.po
{643=5, 277=8}
21 513 673 994 643 675 772 996 837 489 905 138 234 363 236 237 17 724 277 504 444 733 
candidate/gen548.po
{225=4, 447=3}
20 225 673 644 772 488 489 905 138 170 236 975 17 882 596 86 246 504 730 763 447 
candidate/gen549.po
{672=5, 642=4}
18 672 289 673 642 644 772 804 137 905 138 236 17 81 149 504 858 763 702 
candidate/gen550.po
{277=7, 263=7}
18 513 673 772 804 837 263 905 138 234 363 236 237 17 81 277 504 763 444 
candidate/gen551.po
{310=6, 685=11}
18 545 673 643 644 772 488 489 905 138 170 236 685 17 310 504 888 730 763 
candidate/gen552.po
{643=5, 583=8}
18 673 642 643 644 772 583 489 905 138 170 236 17 404 149 504 730 858 763 
candidate/gen553.po
{423=26, 583=8}
18 673 642 644 772 423 583 489 905 138 170 236 17 404 149 504 730 858 763 
candidate/gen554.po
{240=5, 497=17}
23 225 673 675 644 772 996 517 488 489 905 138 234 236 975 240 497 882 116 504 730 986 123 763 
candidate/gen555.po
{563=3, 169=8}
5 900 229 437 330 859 
candidate/gen556.po
{563=3, 169=8}
19 450 962 580 133 229 933 774 391 169 233 809 843 783 275 563 437 408 345 478 
candidate/gen557.po
{169=8, 345=3}
7 900 229 437 169 345 330 859 
candidate/gen558.po
{169=8, 345=3}
19 450 962 580 133 229 933 774 391 169 233 809 843 783 275 563 437 408 345 478 
candidate/gen559.po
{169=8, 233=24}
7 900 229 437 169 233 330 859 
candidate/gen560.po
{169=8, 233=24}
19 450 962 580 133 229 933 774 391 169 233 809 843 783 275 563 437 408 345 478 
candidate/gen561.po
{81=7, 358=5}
23 737 290 642 644 804 261 70 358 583 488 489 431 81 404 149 311 887 666 858 763 348 988 829 
candidate/gen562.po
{240=5, 277=8}
28 513 261 517 837 724 277 343 986 733 737 994 675 996 488 489 170 234 363 237 301 110 240 116 123 763 444 956 190 
candidate/gen563.po
{65=3, 515=2}
14 65 515 903 169 809 746 779 843 812 48 432 496 594 859 
candidate/gen564.po
{310=6, 650=4}
17 673 643 644 772 488 489 905 138 170 650 236 17 310 504 888 730 763 
candidate/gen565.po
{310=6, 553=13}
17 673 643 644 772 488 489 553 905 138 170 236 17 310 504 888 730 763 
candidate/gen566.po
{392=6, 127=11}
19 929 899 230 392 970 429 623 978 243 467 915 25 57 729 699 92 349 893 127 
candidate/gen567.po
{348=4, 607=5}
20 737 642 644 261 358 583 488 489 170 683 463 404 149 824 858 763 348 956 383 607 
candidate/gen568.po
{579=2, 347=3}
27 579 963 964 965 903 8 330 843 332 460 461 594 347 859 478 865 546 229 169 809 746 812 48 432 496 498 317 
candidate/gen569.po
{328=3, 431=22}
18 737 290 642 644 261 70 328 488 489 431 112 404 887 858 763 988 829 287 
candidate/gen570.po
{354=12, 379=1}
16 354 546 903 809 746 460 812 48 432 496 498 594 760 379 859 317 
candidate/gen571.po
{672=4, 570=6}
16 672 289 673 164 772 905 138 331 939 236 17 149 504 570 730 957 
candidate/gen572.po
{672=4, 381=6}
16 672 289 673 164 772 905 138 331 939 236 17 149 504 730 381 957 
candidate/gen573.po
{156=20, 109=3, 263=5, 583=8, 287=3}
27 772 263 583 328 905 138 17 81 404 596 86 858 156 348 796 286 287 735 673 804 236 109 112 818 311 504 763 
candidate/gen574.po
{81=9, 149=9, 286=3, 86=11, 583=8}
23 289 673 772 804 583 905 138 236 109 17 81 818 404 596 149 86 504 858 763 348 796 286 735 
candidate/gen575.po
{545=10, 109=3, 263=5, 583=8, 287=3}
25 256 772 263 583 328 905 138 17 81 404 858 348 796 286 287 735 545 673 804 236 109 112 818 504 763 
candidate/gen576.po
{672=4, 81=9, 149=9, 286=3, 583=8}
22 672 289 673 772 804 583 905 138 236 109 17 81 818 404 149 504 858 763 348 796 286 735 
